# EDA Summary

## Enron
**Summary**: {'Size': 28930, 'Columns': ['text', 'label'], 'Missing Values': {'text': 0, 'label': 0}, 'Duplicates': np.int64(0)}
**Label Distribution**: {1: 14482, 0: 14448}
**Text Stats**: {'Char Length Mean': np.float64(971.1209471137228), 'Char Length Median': np.float64(445.0), 'Word Length Mean': np.float64(135.03059108192187), 'Word Length Median': np.float64(64.0)}
**Top Phishing Words**: [('company', 11822), ('com', 9779), ('http', 7465), ('email', 7204), ('information', 6506), ('please', 6194), ('price', 6193), ('statement', 6019), ('security', 5434), ('may', 5285)]
**Top Legitimate Words**: [('enron', 52435), ('ect', 33917), ('hou', 16243), ('please', 12110), ('company', 11847), ('com', 11739), ('would', 11431), ('subject', 11421), ('said', 8903), ('energy', 8736)]
**Top Phishing Bigrams**: [(('http', 'www'), 3147), (('looking', 'statement'), 1920), (('forward', 'looking'), 1668), (('investment', 'advice'), 1279), (('email', 'address'), 1261), (('within', 'email'), 985), (('risk', 'uncertainty'), 896), (('section', 'security'), 896), (('information', 'provided'), 895), (('would', 'like'), 879)]
**Top Legitimate Bigrams**: [(('hou', 'ect'), 15523), (('ect', 'ect'), 15175), (('enron', 'enron'), 5935), (('enron', 'com'), 4185), (('let', 'know'), 3997), (('vince', 'kaminski'), 3881), (('original', 'message'), 3667), (('ect', 'subject'), 3583), (('corp', 'enron'), 3081), (('dow', 'jones'), 2399)]
**Top Phishing Trigrams**: [(('forward', 'looking', 'statement'), 1619), (('statement', 'within', 'meaning'), 661), (('www', 'computron', 'com'), 627), (('phone', 'mobile', 'email'), 508), (('security', 'act', 'section'), 503), (('forward', 'ooking', 'statement'), 486), (('security', 'exchange', 'act'), 476), (('nbsp', 'nbsp', 'nbsp'), 470), (('within', 'meaning', 'section'), 466), (('number', 'risk', 'uncertainty'), 461)]
**Top Legitimate Trigrams**: [(('hou', 'ect', 'ect'), 13107), (('ect', 'ect', 'subject'), 3468), (('corp', 'enron', 'enron'), 2393), (('please', 'let', 'know'), 2009), (('vince', 'kaminski', 'hou'), 1678), (('kaminski', 'hou', 'ect'), 1678), (('lon', 'ect', 'ect'), 1646), (('copyright', 'dow', 'jones'), 1500), (('dow', 'jones', 'company'), 1125), (('jones', 'company', 'inc'), 1124)]
## PhishTank
**Summary**: {'Size': 64157, 'Columns': ['text', 'label', 'url'], 'Missing Values': {'text': 0, 'label': 0, 'url': 0}, 'Duplicates': np.int64(0)}
**Label Distribution**: {1: 64157}
**Text Stats**: {'Char Length Mean': np.float64(46.80974796203064), 'Char Length Median': np.float64(27.0), 'Word Length Mean': np.float64(2.772246208519725), 'Word Length Median': np.float64(1.0)}
**Top Phishing Words**: [('amp', 12313), ('false', 10341), ('start', 5753), ('loop', 5480), ('delayms', 5479), ('3000', 5277), ('docs.google.com/presentation/d/e/2pacx', 5042), ('pub', 2490), ('slide', 1481), ('id.p', 1447)]
**Top Legitimate Words**: []
**Top Phishing Bigrams**: [(('false', 'amp'), 8142), (('delayms', '3000'), 5273), (('loop', 'false'), 5167), (('start', 'false'), 5130), (('amp', 'loop'), 4370), (('amp', 'delayms'), 4370), (('slide', 'id.p'), 1444), (('false', 'delayms'), 1074), (('false', 'loop'), 1061), (('amp', 'slide'), 905)]
**Top Legitimate Bigrams**: []
**Top Phishing Trigrams**: [(('amp', 'delayms', '3000'), 4197), (('amp', 'loop', 'false'), 4089), (('loop', 'false', 'amp'), 4088), (('false', 'amp', 'delayms'), 4084), (('start', 'false', 'amp'), 4047), (('false', 'amp', 'loop'), 4038), (('loop', 'false', 'delayms'), 1074), (('start', 'false', 'loop'), 1061), (('false', 'loop', 'false'), 1060), (('false', 'delayms', '3000'), 1050)]
**Top Legitimate Trigrams**: []
**URL Stats**: {'Top TLDs': {'com': 26425, 'io': 4504, 'xin': 4442, 'dev': 3199, 'ly': 2948, 'app': 2749, 'de': 2602, 'me': 2573, 'to': 1965, 'vip': 1956}, 'Domain Length Mean': np.float64(20.188178998394562), 'Domain Length Median': np.float64(19.0)}
## UCI
**Summary**: {'Size': 5849, 'Columns': ['having_IP_Address', 'URL_Length', 'Shortining_Service', 'having_At_Symbol', 'double_slash_redirecting', 'Prefix_Suffix', 'having_Sub_Domain', 'SSLfinal_State', 'Domain_registeration_length', 'Favicon', 'port', 'HTTPS_token', 'Request_URL', 'URL_of_Anchor', 'Links_in_tags', 'SFH', 'Submitting_to_email', 'Abnormal_URL', 'Redirect', 'on_mouseover', 'RightClick', 'popUpWidnow', 'Iframe', 'age_of_domain', 'DNSRecord', 'web_traffic', 'Page_Rank', 'Google_Index', 'Links_pointing_to_page', 'Statistical_report', 'label'], 'Missing Values': {'having_IP_Address': 0, 'URL_Length': 0, 'Shortining_Service': 0, 'having_At_Symbol': 0, 'double_slash_redirecting': 0, 'Prefix_Suffix': 0, 'having_Sub_Domain': 0, 'SSLfinal_State': 0, 'Domain_registeration_length': 0, 'Favicon': 0, 'port': 0, 'HTTPS_token': 0, 'Request_URL': 0, 'URL_of_Anchor': 0, 'Links_in_tags': 0, 'SFH': 0, 'Submitting_to_email': 0, 'Abnormal_URL': 0, 'Redirect': 0, 'on_mouseover': 0, 'RightClick': 0, 'popUpWidnow': 0, 'Iframe': 0, 'age_of_domain': 0, 'DNSRecord': 0, 'web_traffic': 0, 'Page_Rank': 0, 'Google_Index': 0, 'Links_pointing_to_page': 0, 'Statistical_report': 0, 'label': 0}, 'Duplicates': np.int64(0)}
**Label Distribution**: {1: 3019, 0: 2830}
**Feature Stats**: {'having_IP_Address': {1: 3313, -1: 2536}, 'URL_Length': {-1: 4678, 1: 1075, 0: 96}, 'Shortining_Service': {1: 5031, -1: 818}, 'having_At_Symbol': {1: 4646, -1: 1203}, 'double_slash_redirecting': {1: 5025, -1: 824}, 'Prefix_Suffix': {-1: 5148, 1: 701}, 'having_Sub_Domain': {1: 2088, 0: 2058, -1: 1703}, 'SSLfinal_State': {1: 3000, -1: 2128, 0: 721}, 'Domain_registeration_length': {-1: 3819, 1: 2030}, 'Favicon': {1: 4626, -1: 1223}, 'port': {1: 4906, -1: 943}, 'HTTPS_token': {1: 4836, -1: 1013}, 'Request_URL': {1: 3278, -1: 2571}, 'URL_of_Anchor': {0: 2655, -1: 2002, 1: 1192}, 'Links_in_tags': {0: 2258, -1: 2225, 1: 1366}, 'SFH': {-1: 4375, 1: 956, 0: 518}, 'Submitting_to_email': {1: 4606, -1: 1243}, 'Abnormal_URL': {1: 4908, -1: 941}, 'Redirect': {0: 5078, 1: 771}, 'on_mouseover': {1: 5039, -1: 810}, 'RightClick': {1: 5562, -1: 287}, 'popUpWidnow': {1: 4574, -1: 1275}, 'Iframe': {1: 5222, -1: 627}, 'age_of_domain': {1: 2987, -1: 2862}, 'DNSRecord': {1: 4314, -1: 1535}, 'web_traffic': {1: 2839, 0: 1539, -1: 1471}, 'Page_Rank': {-1: 4164, 1: 1685}, 'Google_Index': {1: 4860, -1: 989}, 'Links_pointing_to_page': {0: 3181, 1: 2351, -1: 317}, 'Statistical_report': {1: 4963, -1: 886}}
**Feature Correlations**: 
                             having_IP_Address  URL_Length  Shortining_Service  having_At_Symbol  double_slash_redirecting  Prefix_Suffix  having_Sub_Domain  SSLfinal_State  Domain_registeration_length   Favicon      port  HTTPS_token  Request_URL  URL_of_Anchor  Links_in_tags       SFH  Submitting_to_email  Abnormal_URL  Redirect  on_mouseover  RightClick  popUpWidnow    Iframe  age_of_domain  DNSRecord  web_traffic  Page_Rank  Google_Index  Links_pointing_to_page  Statistical_report     label
having_IP_Address                     1.000000   -0.040473            0.301725          0.148862                  0.293266       0.024366          -0.064956        0.067208                    -0.013651  0.083762  0.059231     0.269665     0.021735       0.109221       0.002491  0.026325             0.069206      0.234744 -0.215907      0.077709    0.040827     0.099592  0.054807      -0.015805  -0.085114    -0.003703  -0.087927      0.010300               -0.314681           -0.045373 -0.104952
URL_Length                           -0.040473    1.000000           -0.112819         -0.060435                 -0.084463       0.070989          -0.006535        0.048342                    -0.226193 -0.001824  0.026384    -0.093593     0.260704      -0.041201       0.048257  0.261950             0.009307     -0.110550  0.038323     -0.015260    0.002248    -0.016198  0.004811       0.221336  -0.044279    -0.000348   0.220011     -0.002480               -0.038011           -0.032996 -0.058228
Shortining_Service                    0.301725   -0.112819            1.000000          0.133856                  0.815809      -0.071278          -0.049859       -0.066683                     0.060993  0.009649  0.005521     0.729916    -0.030353      -0.003586      -0.154438 -0.011205             0.049600      0.711595 -0.424283      0.069528    0.061300     0.048578  0.032366      -0.053506   0.488871    -0.032635  -0.002555      0.186332               -0.179253            0.028998  0.076166
having_At_Symbol                      0.148862   -0.060435            0.133856          1.000000                  0.112493      -0.015395          -0.053146        0.020751                     0.020013  0.383249  0.448649     0.131508     0.015516       0.049183      -0.064122  0.021739             0.456341      0.254950 -0.035540      0.340932    0.258423     0.366523  0.344610      -0.002238  -0.013184     0.015039  -0.053646      0.019846               -0.029701           -0.082859 -0.034757
double_slash_redirecting              0.293266   -0.084463            0.815809          0.112493                  1.000000      -0.077538          -0.051302       -0.038359                     0.043342  0.032272  0.026930     0.736728    -0.010099      -0.007523      -0.143674 -0.029731             0.031099      0.685394 -0.478494      0.085207    0.044518     0.057585  0.023302      -0.054262   0.485620    -0.047766  -0.019120      0.218521               -0.166749            0.013956  0.036693
Prefix_Suffix                         0.024366    0.070989           -0.071278         -0.015395                 -0.077538       1.000000           0.104876        0.278177                    -0.110907 -0.010905 -0.021446    -0.074552     0.109382       0.342352       0.108713  0.001929            -0.043785     -0.083414 -0.011521      0.009263   -0.025839    -0.007894 -0.038888       0.063193  -0.022770     0.106466  -0.002263      0.062539                0.071123            0.017894 -0.381134
having_Sub_Domain                    -0.064956   -0.006535           -0.049859         -0.053146                 -0.051302       0.104876           1.000000        0.255770                    -0.083085 -0.035891 -0.015024    -0.041849     0.115153       0.232287       0.088187  0.101921            -0.014679     -0.049329  0.046138     -0.030032    0.010743    -0.038745 -0.001880       0.032986   0.089132    -0.044901   0.093202      0.066567                0.019548            0.097661 -0.296214
SSLfinal_State                        0.067208    0.048342           -0.066683          0.020751                 -0.038359       0.278177           0.255770        1.000000                    -0.175864 -0.027138  0.012366    -0.031758     0.168916       0.517181       0.176158  0.204778            -0.010257     -0.065294 -0.040427      0.003084    0.019511    -0.023704 -0.004498       0.107550   0.019273     0.211850   0.020743      0.078182                0.019410            0.089295 -0.693228
Domain_registeration_length          -0.013651   -0.226193            0.060993          0.020013                  0.043342      -0.110907          -0.083085       -0.175864                     1.000000  0.063998  0.028601     0.048954    -0.568530      -0.148868      -0.091866 -0.115325             0.048642      0.054339 -0.005934      0.024045    0.025952     0.061336  0.005354      -0.058693   0.013673    -0.112966  -0.068845     -0.032338                0.103013           -0.022538  0.218623
Favicon                               0.083762   -0.001824            0.009649          0.383249                  0.032272      -0.010905          -0.035891       -0.027138                     0.063998  1.000000  0.812657     0.051313    -0.022519       0.027009      -0.119961  0.021779             0.663994      0.063209 -0.002221      0.690905    0.395078     0.933145  0.622273      -0.004568   0.061194    -0.055462   0.021655     -0.025568               -0.127583            0.187324  0.025457
port                                  0.059231    0.026384            0.005521          0.448649                  0.026930      -0.021446          -0.015024        0.012366                     0.028601  0.812657  1.000000     0.015579     0.004208       0.030365      -0.090302  0.034970             0.784856      0.050979 -0.009203      0.618367    0.464316     0.754950  0.680650       0.004256   0.034366    -0.034588   0.020186     -0.015443               -0.140582            0.219361 -0.014201
HTTPS_token                           0.269665   -0.093593            0.729916          0.131508                  0.736728      -0.074552          -0.041849       -0.031758                     0.048954  0.051313  0.015579     1.000000     0.013402       0.006047      -0.123727  0.001111             0.072585      0.678807 -0.357218      0.113425    0.019439     0.075703  0.031266      -0.046705   0.436598    -0.028485   0.013796      0.146708               -0.116840            0.037242  0.051412
Request_URL                           0.021735    0.260704           -0.030353          0.015516                 -0.010099       0.109382           0.115153        0.168916                    -0.568530 -0.022519  0.004208     0.013402     1.000000       0.166545       0.061501  0.110500            -0.010421     -0.027777 -0.008245     -0.003037   -0.030545    -0.023729  0.012687       0.090941  -0.004485     0.134844   0.071242      0.034253               -0.044580            0.040880 -0.237778
URL_of_Anchor                         0.109221   -0.041201           -0.003586          0.049183                 -0.007523       0.342352           0.232287        0.517181                    -0.148868  0.027009  0.030365     0.006047     0.166545       1.000000       0.113241  0.161488             0.019497     -0.031613 -0.000855      0.044206    0.017724     0.038468  0.008504       0.015386   0.066612     0.275604   0.063112      0.034585                0.047060            0.103343 -0.679125
Links_in_tags                         0.002491    0.048257           -0.154438         -0.064122                 -0.143674       0.108713           0.088187        0.176158                    -0.091866 -0.119961 -0.090302    -0.123727     0.061501       0.113241       1.000000  0.079422            -0.064916     -0.143404  0.028387     -0.091938   -0.055685    -0.140019 -0.088378       0.079400  -0.076964     0.045159  -0.031655      0.034819                0.031353           -0.070089 -0.243864
SFH                                   0.026325    0.261950           -0.011205          0.021739                 -0.029731       0.001929           0.101921        0.204778                    -0.115325  0.021779  0.034970     0.001111     0.110500       0.161488       0.079422  1.000000             0.038986     -0.020995  0.035944      0.037063    0.035899     0.028915  0.033307      -0.029890   0.038985     0.060513  -0.017527      0.033771               -0.011360            0.031017 -0.281131
Submitting_to_email                   0.069206    0.009307            0.049600          0.456341                  0.031099      -0.043785          -0.014679       -0.010257                     0.048642  0.663994  0.784856     0.072585    -0.010421       0.019497      -0.064916  0.038986             1.000000      0.193395  0.005991      0.520115    0.379229     0.621556  0.557599       0.002326   0.033997    -0.024936   0.025921     -0.022497               -0.035908            0.210660  0.008014
Abnormal_URL                          0.234744   -0.110550            0.711595          0.254950                  0.685394      -0.083414          -0.049329       -0.065294                     0.054339  0.063209  0.050979     0.678807    -0.027777      -0.031613      -0.143404 -0.020995             0.193395      1.000000 -0.350698      0.111391    0.031939     0.088894  0.016736      -0.036717   0.401954    -0.044458  -0.006076      0.148831               -0.131618            0.090151  0.090043
Redirect                             -0.215907    0.038323           -0.424283         -0.035540                 -0.478494      -0.011521           0.046138       -0.040427                    -0.005934 -0.002221 -0.009203    -0.357218    -0.008245      -0.000855       0.028387  0.035944             0.005991     -0.350698  1.000000     -0.020818   -0.021451    -0.015831 -0.007107      -0.055341  -0.182256    -0.017945   0.079109      0.065215                0.113375           -0.021441  0.037462
on_mouseover                          0.077709   -0.015260            0.069528          0.340932                  0.085207       0.009263          -0.030032        0.003084                     0.024045  0.690905  0.618367     0.113425    -0.003037       0.044206      -0.091938  0.037063             0.520115      0.111391 -0.020818      1.000000    0.468040     0.731814  0.667464       0.010551   0.066856    -0.044678   0.024425     -0.014476               -0.037891            0.167474 -0.012790
RightClick                            0.040827    0.002248            0.061300          0.258423                  0.044518      -0.025839           0.010743        0.019511                     0.025952  0.395078  0.464316     0.019439    -0.030545       0.017724      -0.055685  0.035899             0.379229      0.031939 -0.021451      0.468040    1.000000     0.399576  0.635089      -0.003853   0.033606    -0.009463   0.027404     -0.011674               -0.112364            0.126998 -0.009286
popUpWidnow                           0.099592   -0.016198            0.048578          0.366523                  0.057585      -0.007894          -0.038745       -0.023704                     0.061336  0.933145  0.754950     0.075703    -0.023729       0.038468      -0.140019  0.028915             0.621556      0.088894 -0.015831      0.731814    0.399576     1.000000  0.624184      -0.002382   0.078489    -0.046022   0.026797     -0.018326               -0.120597            0.176561  0.022455
Iframe                                0.054807    0.004811            0.032366          0.344610                  0.023302      -0.038888          -0.001880       -0.004498                     0.005354  0.622273  0.680650     0.031266     0.012687       0.008504      -0.088378  0.033307             0.557599      0.016736 -0.007107      0.667464    0.635089     0.624184  1.000000       0.012382   0.035739    -0.025663   0.022733     -0.010348               -0.137413            0.174223  0.011756
age_of_domain                        -0.015805    0.221336           -0.053506         -0.002238                 -0.054262       0.063193           0.032986        0.107550                    -0.058693 -0.004568  0.004256    -0.046705     0.090941       0.015386       0.079400 -0.029890             0.002326     -0.036717 -0.055341      0.010551   -0.003853    -0.002382  0.012382       1.000000  -0.040500     0.087118  -0.211088     -0.075672                0.037963            0.003308 -0.062800
DNSRecord                            -0.085114   -0.044279            0.488871         -0.013184                  0.485620      -0.022770           0.089132        0.019273                     0.013673  0.061194  0.034366     0.436598    -0.004485       0.066612      -0.076964  0.038985             0.033997      0.401954 -0.182256      0.066856    0.033606     0.078489  0.035739      -0.040500   1.000000     0.027296   0.115162      0.192263               -0.234379            0.101325 -0.033204
web_traffic                          -0.003703   -0.000348           -0.032635          0.015039                 -0.047766       0.106466          -0.044901        0.211850                    -0.112966 -0.055462 -0.034588    -0.028485     0.134844       0.275604       0.045159  0.060513            -0.024936     -0.044458 -0.017945     -0.044678   -0.009463    -0.046022 -0.025663       0.087118   0.027296     1.000000  -0.016043     -0.035723                0.010109            0.040546 -0.281709
Page_Rank                            -0.087927    0.220011           -0.002555         -0.053646                 -0.019120      -0.002263           0.093202        0.020743                    -0.068845  0.021655  0.020186     0.013796     0.071242       0.063112      -0.031655 -0.017527             0.025921     -0.006076  0.079109      0.024425    0.027404     0.026797  0.022733      -0.211088   0.115162    -0.016043   1.000000      0.069410               -0.022145            0.028686 -0.048140
Google_Index                          0.010300   -0.002480            0.186332          0.019846                  0.218521       0.062539           0.066567        0.078182                    -0.032338 -0.025568 -0.015443     0.146708     0.034253       0.034585       0.034819  0.033771            -0.022497      0.148831  0.065215     -0.014476   -0.011674    -0.018326 -0.010348      -0.075672   0.192263    -0.035723   0.069410      1.000000               -0.044175           -0.011212 -0.118217
Links_pointing_to_page               -0.314681   -0.038011           -0.179253         -0.029701                 -0.166749       0.071123           0.019548        0.019410                     0.103013 -0.127583 -0.140582    -0.116840    -0.044580       0.047060       0.031353 -0.011360            -0.035908     -0.131618  0.113375     -0.037891   -0.112364    -0.120597 -0.137413       0.037963  -0.234379     0.010109  -0.022145     -0.044175                1.000000            0.015739 -0.068463
Statistical_report                   -0.045373   -0.032996            0.028998         -0.082859                  0.013956       0.017894           0.097661        0.089295                    -0.022538  0.187324  0.219361     0.037242     0.040880       0.103343      -0.070089  0.031017             0.210660      0.090151 -0.021441      0.167474    0.126998     0.176561  0.174223       0.003308   0.101325     0.040546   0.028686     -0.011212                0.015739            1.000000 -0.108486
label                                -0.104952   -0.058228            0.076166         -0.034757                  0.036693      -0.381134          -0.296214       -0.693228                     0.218623  0.025457 -0.014201     0.051412    -0.237778      -0.679125      -0.243864 -0.281131             0.008014      0.090043  0.037462     -0.012790   -0.009286     0.022455  0.011756      -0.062800  -0.033204    -0.281709  -0.048140     -0.118217               -0.068463           -0.108486  1.000000
**Feature Importance**: 
SSLfinal_State                 0.305886
URL_of_Anchor                  0.240910
having_Sub_Domain              0.065521
web_traffic                    0.055769
Prefix_Suffix                  0.052247
Links_in_tags                  0.044332
SFH                            0.033302
Links_pointing_to_page         0.020248
Request_URL                    0.018719
Domain_registeration_length    0.017815
age_of_domain                  0.014796
having_IP_Address              0.014575
Page_Rank                      0.012182
Google_Index                   0.011892
DNSRecord                      0.010371
URL_Length                     0.010025
HTTPS_token                    0.007186
Redirect                       0.006892
having_At_Symbol               0.006746
Statistical_report             0.006409
popUpWidnow                    0.005973
Submitting_to_email            0.005906
Abnormal_URL                   0.005857
Shortining_Service             0.005663
Favicon                        0.004618
double_slash_redirecting       0.004396
on_mouseover                   0.004109
port                           0.002893
Iframe                         0.002882
RightClick                     0.001881
## Combined (Enron + PhishTank - Pre-SMOTE)
**Summary**: {'Size': 57860, 'Columns': ['text', 'label'], 'Missing Values': {'text': 0, 'label': 0}, 'Duplicates': np.int64(0)}
**Label Distribution**: {1: 43412, 0: 14448}
**Text Stats**: {'Char Length Mean': np.float64(508.56011061182164), 'Char Length Median': np.float64(119.0), 'Word Length Mean': np.float64(68.90058762530245), 'Word Length Median': np.float64(11.0)}
**Top Phishing Words**: [('company', 11823), ('com', 10216), ('http', 7633), ('email', 7298), ('information', 6507), ('please', 6196), ('price', 6193), ('statement', 6020), ('amp', 5653), ('security', 5440)]
**Top Legitimate Words**: [('enron', 52435), ('ect', 33917), ('hou', 16243), ('please', 12110), ('company', 11847), ('com', 11739), ('would', 11431), ('subject', 11421), ('said', 8903), ('energy', 8736)]
**Top Phishing Bigrams**: [(('false', 'amp'), 3699), (('http', 'www'), 3147), (('delayms', '3000'), 2404), (('loop', 'false'), 2356), (('start', 'false'), 2339), (('amp', 'loop'), 1991), (('amp', 'delayms'), 1991), (('looking', 'statement'), 1920), (('forward', 'looking'), 1668), (('investment', 'advice'), 1279)]
**Top Legitimate Bigrams**: [(('hou', 'ect'), 15523), (('ect', 'ect'), 15175), (('enron', 'enron'), 5935), (('enron', 'com'), 4185), (('let', 'know'), 3997), (('vince', 'kaminski'), 3881), (('original', 'message'), 3667), (('ect', 'subject'), 3583), (('corp', 'enron'), 3081), (('dow', 'jones'), 2399)]
**Top Phishing Trigrams**: [(('amp', 'delayms', '3000'), 1909), (('amp', 'loop', 'false'), 1859), (('loop', 'false', 'amp'), 1858), (('false', 'amp', 'delayms'), 1855), (('start', 'false', 'amp'), 1838), (('false', 'amp', 'loop'), 1834), (('forward', 'looking', 'statement'), 1619), (('statement', 'within', 'meaning'), 661), (('www', 'computron', 'com'), 627), (('phone', 'mobile', 'email'), 508)]
**Top Legitimate Trigrams**: [(('hou', 'ect', 'ect'), 13107), (('ect', 'ect', 'subject'), 3468), (('corp', 'enron', 'enron'), 2393), (('please', 'let', 'know'), 2009), (('vince', 'kaminski', 'hou'), 1678), (('kaminski', 'hou', 'ect'), 1678), (('lon', 'ect', 'ect'), 1646), (('copyright', 'dow', 'jones'), 1500), (('dow', 'jones', 'company'), 1125), (('jones', 'company', 'inc'), 1124)]
**Token Stats**: {'Token Length Mean': np.float64(512.0), 'Token Length Median': np.float64(512.0), 'Token Length Max': np.int64(512)}
## Balanced (SMOTE Applied on Combined)
**Summary**: {'Size': 57860, 'Columns': ['text', 'label'], 'Missing Values': {'text': 0, 'label': 0}, 'Duplicates': np.int64(0)}
**Label Distribution**: {1: 43412, 0: 14448}
